year,age,population
1990,0,204.476
1990,1,194.410
1990,2,185.157
1990,3,176.659
1990,4,168.859
1990,5,161.694
1990,6,155.109
1990,7,149.042
1990,8,143.437
1990,9,138.232
1990,10,133.424
1990,11,129.005
1990,12,124.650
1990,13,120.196
1990,14,115.739
1990,15,111.537
1990,16,107.522
1990,17,103.675
1990,18,100.004
1990,19,96.482
1990,20,93.070
1990,21,89.774
1990,22,86.527
1990,23,83.288
1990,24,80.083
1990,25,76.987
1990,26,73.994
1990,27,71.049
1990,28,68.122
1990,29,65.252
1990,30,62.477
1990,31,59.788
1990,32,57.251
1990,33,54.905
1990,34,52.716
1990,35,50.632
1990,36,48.683
1990,37,46.779
1990,38,44.872
1990,39,43.022
1990,40,41.261
1990,41,39.505
1990,42,38.157
1990,43,37.404
1990,44,37.009
1990,45,36.611
1990,46,36.333
1990,47,35.636
1990,48,34.227
1990,49,32.376
1990,50,30.637
1990,51,28.893
1990,52,27.334
1990,53,26.107
1990,54,25.105
1990,55,24.067
1990,56,23.040
1990,57,22.058
1990,58,21.117
1990,59,20.212
1990,60,19.347
1990,61,18.512
1990,62,17.716
1990,63,16.962
1990,64,16.237
1990,65,15.523
1990,66,14.827
1990,67,14.103
1990,68,13.328
1990,69,12.520
1990,70,11.723
1990,71,10.942
1990,72,10.127
1990,73,9.270
1990,74,8.390
1990,75,7.530
1990,76,6.690
1990,77,5.878
1990,78,5.112
1990,79,4.387
1990,80,3.694
1990,81,3.034
1990,82,2.450
1990,83,1.961
1990,84,1.553
1990,85,1.181
1990,86,0.850
1990,87,0.586
1990,88,0.400
1990,89,0.277
1990,90,0.185
1990,91,0.128
1990,92,0.086
1990,93,0.048
1990,94,0.012
1990,95,0.010
1990,96,0.008
1990,97,0.007
1990,98,0.004
1990,99,0.003
1990,100,0.001
1991,0,210.731
1991,1,201.470
1991,2,191.931
1991,3,183.144
1991,4,175.057
1991,5,167.612
1991,6,160.757
1991,7,154.445
1991,8,148.579
1991,9,143.087
1991,10,137.933
1991,11,133.153
1991,12,128.728
1991,13,124.392
1991,14,120.012
1991,15,115.661
1991,16,111.543
1991,17,107.598
1991,18,103.813
1991,19,100.196
1991,20,96.718
1991,21,93.346
1991,22,90.086
1991,23,86.862
1991,24,83.624
1991,25,80.409
1991,26,77.298
1991,27,74.285
1991,28,71.316
1991,29,68.366
1991,30,65.469
1991,31,62.664
1991,32,59.944
1991,33,57.374
1991,34,55.001
1991,35,52.786
1991,36,50.674
1991,37,48.698
1991,38,46.768
1991,39,44.841
1991,40,42.973
1991,41,41.193
1991,42,39.421
1991,43,38.053
1991,44,37.275
1991,45,36.851
1991,46,36.426
1991,47,36.120
1991,48,35.400
1991,49,33.976
1991,50,32.115
1991,51,30.365
1991,52,28.610
1991,53,27.039
1991,54,25.797
1991,55,24.777
1991,56,23.721
1991,57,22.677
1991,58,21.676
1991,59,20.715
1991,60,19.789
1991,61,18.903
1991,62,18.046
1991,63,17.227
1991,64,16.446
1991,65,15.692
1991,66,14.952
1991,67,14.231
1991,68,13.484
1991,69,12.683
1991,70,11.853
1991,71,11.038
1991,72,10.241
1991,73,9.419
1991,74,8.569
1991,75,7.704
1991,76,6.863
1991,77,6.045
1991,78,5.267
1991,79,4.544
1991,80,3.873
1991,81,3.236
1991,82,2.633
1991,83,2.105
1991,84,1.670
1991,85,1.313
1991,86,0.993
1991,87,0.712
1991,88,0.489
1991,89,0.331
1991,90,0.224
1991,91,0.151
1991,92,0.105
1991,93,0.070
1991,94,0.040
1991,95,0.010
1991,96,0.008
1991,97,0.007
1991,98,0.006
1991,99,0.001
1991,100,0.001
1992,0,217.742
1992,1,207.203
1992,2,198.911
1992,3,189.876
1992,4,181.536
1992,5,173.842
1992,6,166.734
1992,7,160.174
1992,8,154.122
1992,9,148.443
1992,10,143.052
1992,11,137.938
1992,12,133.174
1992,13,128.735
1992,14,124.407
1992,15,120.092
1992,16,115.838
1992,17,111.794
1992,18,107.909
1992,19,104.181
1992,20,100.607
1992,21,97.167
1992,22,93.826
1992,23,90.597
1992,24,87.386
1992,25,84.145
1992,26,80.911
1992,27,77.777
1992,28,74.740
1992,29,71.740
1992,30,68.758
1992,31,65.830
1992,32,62.990
1992,33,60.230
1992,34,57.624
1992,35,55.217
1992,36,52.972
1992,37,50.829
1992,38,48.819
1992,39,46.861
1992,40,44.908
1992,41,43.017
1992,42,41.216
1992,43,39.424
1992,44,38.033
1992,45,37.228
1992,46,36.775
1992,47,36.320
1992,48,35.986
1992,49,35.243
1992,50,33.800
1992,51,31.925
1992,52,30.160
1992,53,28.391
1992,54,26.804
1992,55,25.543
1992,56,24.504
1992,57,23.428
1992,58,22.363
1992,59,21.343
1992,60,20.359
1992,61,19.410
1992,62,18.500
1992,63,17.621
1992,64,16.776
1992,65,15.967
1992,66,15.183
1992,67,14.414
1992,68,13.667
1992,69,12.894
1992,70,12.068
1992,71,11.213
1992,72,10.377
1992,73,9.563
1992,74,8.734
1992,75,7.886
1992,76,7.036
1992,77,6.213
1992,78,5.414
1992,79,4.667
1992,80,3.987
1992,81,3.369
1992,82,2.786
1992,83,2.237
1992,84,1.764
1992,85,1.384
1992,86,1.076
1992,87,0.807
1992,88,0.576
1992,89,0.393
1992,90,0.263
1992,91,0.173
1992,92,0.117
1992,93,0.081
1992,94,0.055
1992,95,0.032
1992,96,0.008
1992,97,0.008
1992,98,0.005
1992,99,0.002
1992,100,0.001
1993,0,225.049
1993,1,214.277
1993,2,204.336
1993,3,196.509
1993,4,187.971
1993,5,180.073
1993,6,172.766
1993,7,165.990
1993,8,159.719
1993,9,153.923
1993,10,148.428
1993,11,143.133
1993,12,138.055
1993,13,133.304
1993,14,128.846
1993,15,124.524
1993,16,120.269
1993,17,116.110
1993,18,112.136
1993,19,108.309
1993,20,104.633
1993,21,101.101
1993,22,97.695
1993,23,94.384
1993,24,91.182
1993,25,87.982
1993,26,84.735
1993,27,81.480
1993,28,78.321
1993,29,75.255
1993,30,72.223
1993,31,69.209
1993,32,66.244
1993,33,63.367
1993,34,60.566
1993,35,57.922
1993,36,55.478
1993,37,53.201
1993,38,51.024
1993,39,48.981
1993,40,46.991
1993,41,45.012
1993,42,43.098
1993,43,41.273
1993,44,39.458
1993,45,38.044
1993,46,37.210
1993,47,36.728
1993,48,36.245
1993,49,35.882
1993,50,35.113
1993,51,33.651
1993,52,31.760
1993,53,29.980
1993,54,28.194
1993,55,26.590
1993,56,25.310
1993,57,24.250
1993,58,23.153
1993,59,22.068
1993,60,21.027
1993,61,20.018
1993,62,19.047
1993,63,18.111
1993,64,17.209
1993,65,16.338
1993,66,15.500
1993,67,14.685
1993,68,13.887
1993,69,13.113
1993,70,12.314
1993,71,11.461
1993,72,10.581
1993,73,9.724
1993,74,8.891
1993,75,8.054
1993,76,7.209
1993,77,6.373
1993,78,5.566
1993,79,4.786
1993,80,4.070
1993,81,3.432
1993,82,2.866
1993,83,2.337
1993,84,1.843
1993,85,1.425
1993,86,1.098
1993,87,0.840
1993,88,0.621
1993,89,0.439
1993,90,0.298
1993,91,0.195
1993,92,0.121
1993,93,0.083
1993,94,0.059
1993,95,0.040
1993,96,0.022
1993,97,0.007
1993,98,0.006
1993,99,0.003
1993,100,0.001
1994,0,232.057
1994,1,221.148
1994,2,211.054
1994,3,201.721
1994,4,193.967
1994,5,185.933
1994,6,178.483
1994,7,171.569
1994,8,165.130
1994,9,159.155
1994,10,153.618
1994,11,148.310
1994,12,143.116
1994,13,138.078
1994,14,133.342
1994,15,128.869
1994,16,124.555
1994,17,120.365
1994,18,116.302
1994,19,112.401
1994,20,108.637
1994,21,105.013
1994,22,101.527
1994,23,98.157
1994,24,94.879
1994,25,91.704
1994,26,88.520
1994,27,85.267
1994,28,81.994
1994,29,78.813
1994,30,75.721
1994,31,72.657
1994,32,69.612
1994,33,66.614
1994,34,63.702
1994,35,60.861
1994,36,58.179
1994,37,55.703
1994,38,53.393
1994,39,51.186
1994,40,49.109
1994,41,47.090
1994,42,45.085
1994,43,43.148
1994,44,41.301
1994,45,39.466
1994,46,38.029
1994,47,37.167
1994,48,36.656
1994,49,36.144
1994,50,35.753
1994,51,34.959
1994,52,33.479
1994,53,31.573
1994,54,29.778
1994,55,27.977
1994,56,26.358
1994,57,25.059
1994,58,23.979
1994,59,22.862
1994,60,21.757
1994,61,20.695
1994,62,19.663
1994,63,18.670
1994,64,17.709
1994,65,16.785
1994,66,15.888
1994,67,15.021
1994,68,14.175
1994,69,13.350
1994,70,12.549
1994,71,11.724
1994,72,10.845
1994,73,9.941
1994,74,9.062
1994,75,8.212
1994,76,7.367
1994,77,6.526
1994,78,5.704
1994,79,4.914
1994,80,4.154
1994,81,3.468
1994,82,2.875
1994,83,2.360
1994,84,1.885
1994,85,1.447
1994,86,1.084
1994,87,0.810
1994,88,0.603
1994,89,0.435
1994,90,0.302
1994,91,0.203
1994,92,0.125
1994,93,0.070
1994,94,0.049
1994,95,0.035
1994,96,0.025
1994,97,0.014
1994,98,0.005
1994,99,0.003
1994,100,0.001
1995,0,238.373
1995,1,227.466
1995,2,217.339
1995,3,207.941
1995,4,199.220
1995,5,191.127
1995,6,183.611
1995,7,176.619
1995,8,170.108
1995,9,164.018
1995,10,158.346
1995,11,153.077
1995,12,147.965
1995,13,142.879
1995,14,137.888
1995,15,133.176
1995,16,128.694
1995,17,124.395
1995,18,120.275
1995,19,116.315
1995,20,112.495
1995,21,108.796
1995,22,105.233
1995,23,101.797
1995,24,98.468
1995,25,95.227
1995,26,92.087
1995,27,88.921
1995,28,85.669
1995,29,82.382
1995,30,79.183
1995,31,76.069
1995,32,72.980
1995,33,69.908
1995,34,66.882
1995,35,63.938
1995,36,61.063
1995,37,58.348
1995,38,55.841
1995,39,53.504
1995,40,51.268
1995,41,49.162
1995,42,47.116
1995,43,45.089
1995,44,43.132
1995,45,41.266
1995,46,39.413
1995,47,37.956
1995,48,37.067
1995,49,36.528
1995,50,35.987
1995,51,35.569
1995,52,34.752
1995,53,33.255
1995,54,31.338
1995,55,29.530
1995,56,27.718
1995,57,26.085
1995,58,24.770
1995,59,23.671
1995,60,22.536
1995,61,21.412
1995,62,20.331
1995,63,19.279
1995,64,18.263
1995,65,17.281
1995,66,16.334
1995,67,15.414
1995,68,14.519
1995,69,13.645
1995,70,12.791
1995,71,11.967
1995,72,11.116
1995,73,10.212
1995,74,9.285
1995,75,8.388
1995,76,7.520
1995,77,6.669
1995,78,5.833
1995,79,5.026
1995,80,4.254
1995,81,3.516
1995,82,2.862
1995,83,2.312
1995,84,1.851
1995,85,1.431
1995,86,1.048
1995,87,0.742
1995,88,0.521
1995,89,0.365
1995,90,0.248
1995,91,0.165
1995,92,0.106
1995,93,0.057
1995,94,0.018
1995,95,0.015
1995,96,0.012
1995,97,0.009
1995,98,0.006
1995,99,0.003
1995,100,0.001
1996,0,244.532
1996,1,235.386
1996,2,225.088
1996,3,215.482
1996,4,206.520
1996,5,198.157
1996,6,190.353
1996,7,183.065
1996,8,176.230
1996,9,169.800
1996,10,163.733
1996,11,158.048
1996,12,152.728
1996,13,147.562
1996,14,142.439
1996,15,137.418
1996,16,132.658
1996,17,128.115
1996,18,123.768
1996,19,119.624
1996,20,115.657
1996,21,111.827
1996,22,108.119
1996,23,104.556
1996,24,101.130
1996,25,97.819
1996,26,94.598
1996,27,91.481
1996,28,88.337
1996,29,85.104
1996,30,81.832
1996,31,78.650
1996,32,75.554
1996,33,72.482
1996,34,69.425
1996,35,66.412
1996,36,63.480
1996,37,60.617
1996,38,57.912
1996,39,55.416
1996,40,53.087
1996,41,50.858
1996,42,48.758
1996,43,46.716
1996,44,44.694
1996,45,42.741
1996,46,40.877
1996,47,39.026
1996,48,37.565
1996,49,36.664
1996,50,36.106
1996,51,35.548
1996,52,35.109
1996,53,34.275
1996,54,32.768
1996,55,30.845
1996,56,29.029
1996,57,27.208
1996,58,25.564
1996,59,24.233
1996,60,23.115
1996,61,21.963
1996,62,20.820
1996,63,19.720
1996,64,18.646
1996,65,17.607
1996,66,16.605
1996,67,15.638
1996,68,14.697
1996,69,13.779
1996,70,12.883
1996,71,12.009
1996,72,11.170
1996,73,10.311
1996,74,9.413
1996,75,8.500
1996,76,7.622
1996,77,6.775
1996,78,5.957
1996,79,5.173
1996,80,4.427
1996,81,3.719
1996,82,3.046
1996,83,2.456
1996,84,1.968
1996,85,1.565
1996,86,1.203
1996,87,0.878
1996,88,0.619
1996,89,0.432
1996,90,0.298
1996,91,0.202
1996,92,0.135
1996,93,0.087
1996,94,0.047
1996,95,0.015
1996,96,0.013
1996,97,0.010
1996,98,0.005
1996,99,0.004
1996,100,0.001
1997,0,250.054
1997,1,239.600
1997,2,232.149
1997,3,222.473
1997,4,213.397
1997,5,204.881
1997,6,196.884
1997,7,189.378
1997,8,182.326
1997,9,175.654
1997,10,169.312
1997,11,163.275
1997,12,157.583
1997,13,152.218
1997,14,147.003
1997,15,141.847
1997,16,136.803
1997,17,132.001
1997,18,127.400
1997,19,123.011
1997,20,118.845
1997,21,114.877
1997,22,111.041
1997,23,107.328
1997,24,103.769
1997,25,100.356
1997,26,97.066
1997,27,93.869
1997,28,90.778
1997,29,87.661
1997,30,84.447
1997,31,81.196
1997,32,78.035
1997,33,74.959
1997,34,71.907
1997,35,68.868
1997,36,65.871
1997,37,62.956
1997,38,60.107
1997,39,57.416
1997,40,54.931
1997,41,52.614
1997,42,50.395
1997,43,48.301
1997,44,46.267
1997,45,44.252
1997,46,42.305
1997,47,40.445
1997,48,38.597
1997,49,37.135
1997,50,36.222
1997,51,35.647
1997,52,35.070
1997,53,34.612
1997,54,33.762
1997,55,32.247
1997,56,30.319
1997,57,28.498
1997,58,26.669
1997,59,25.016
1997,60,23.670
1997,61,22.536
1997,62,21.366
1997,63,20.207
1997,64,19.087
1997,65,17.994
1997,66,16.933
1997,67,15.910
1997,68,14.926
1997,69,13.966
1997,70,13.024
1997,71,12.107
1997,72,11.215
1997,73,10.361
1997,74,9.496
1997,75,8.604
1997,76,7.707
1997,77,6.847
1997,78,6.023
1997,79,5.240
1997,80,4.506
1997,81,3.824
1997,82,3.180
1997,83,2.572
1997,84,2.048
1997,85,1.622
1997,86,1.279
1997,87,0.973
1997,88,0.707
1997,89,0.496
1997,90,0.342
1997,91,0.230
1997,92,0.156
1997,93,0.105
1997,94,0.068
1997,95,0.037
1997,96,0.012
1997,97,0.010
1997,98,0.006
1997,99,0.003
1997,100,0.001
1998,0,255.392
1998,1,245.278
1998,2,235.699
1998,3,228.860
1998,4,219.805
1998,5,211.261
1998,6,203.192
1998,7,195.565
1998,8,188.356
1998,9,181.542
1998,10,175.035
1998,11,168.782
1998,12,162.777
1998,13,157.078
1998,14,151.670
1998,15,146.407
1998,16,141.222
1998,17,136.155
1998,18,131.310
1998,19,126.655
1998,20,122.223
1998,21,118.039
1998,22,114.068
1998,23,110.228
1998,24,106.512
1998,25,102.955
1998,26,99.559
1998,27,96.290
1998,28,93.117
1998,29,90.054
1998,30,86.962
1998,31,83.771
1998,32,80.540
1998,33,77.401
1998,34,74.346
1998,35,71.315
1998,36,68.295
1998,37,65.315
1998,38,62.416
1998,39,59.582
1998,40,56.906
1998,41,54.434
1998,42,52.129
1998,43,49.918
1998,44,47.834
1998,45,45.807
1998,46,43.799
1998,47,41.859
1998,48,40.004
1998,49,38.160
1998,50,36.695
1998,51,35.771
1998,52,35.180
1998,53,34.584
1998,54,34.107
1998,55,33.241
1998,56,31.719
1998,57,29.786
1998,58,27.960
1998,59,26.125
1998,60,24.462
1998,61,23.103
1998,62,21.952
1998,63,20.764
1998,64,19.590
1998,65,18.451
1998,66,17.337
1998,67,16.256
1998,68,15.213
1998,69,14.211
1998,70,13.231
1998,71,12.269
1998,72,11.328
1998,73,10.420
1998,74,9.550
1998,75,8.681
1998,76,7.793
1998,77,6.912
1998,78,6.073
1998,79,5.270
1998,80,4.522
1998,81,3.840
1998,82,3.221
1998,83,2.641
1998,84,2.099
1998,85,1.640
1998,86,1.276
1998,87,0.992
1998,88,0.744
1998,89,0.536
1998,90,0.373
1998,91,0.251
1998,92,0.163
1998,93,0.110
1998,94,0.075
1998,95,0.048
1998,96,0.028
1998,97,0.009
1998,98,0.007
1998,99,0.003
1998,100,0.002
1999,0,261.194
1999,1,251.316
1999,2,241.911
1999,3,232.947
1999,4,225.749
1999,5,217.309
1999,6,209.289
1999,7,201.662
1999,8,194.396
1999,9,187.480
1999,10,180.898
1999,11,174.550
1999,12,168.383
1999,13,162.404
1999,14,156.694
1999,15,151.240
1999,16,145.924
1999,17,140.705
1999,18,135.611
1999,19,130.722
1999,20,126.007
1999,21,121.530
1999,22,117.323
1999,23,113.349
1999,24,109.501
1999,25,105.777
1999,26,102.223
1999,27,98.838
1999,28,95.588
1999,29,92.438
1999,30,89.399
1999,31,86.332
1999,32,83.160
1999,33,79.946
1999,34,76.827
1999,35,73.791
1999,36,70.778
1999,37,67.775
1999,38,64.810
1999,39,61.923
1999,40,59.105
1999,41,56.439
1999,42,53.979
1999,43,51.684
1999,44,49.482
1999,45,47.404
1999,46,45.382
1999,47,43.380
1999,48,41.445
1999,49,39.594
1999,50,37.752
1999,51,36.284
1999,52,35.349
1999,53,34.739
1999,54,34.127
1999,55,33.628
1999,56,32.746
1999,57,31.215
1999,58,29.277
1999,59,27.444
1999,60,25.602
1999,61,23.927
1999,62,22.554
1999,63,21.384
1999,64,20.180
1999,65,18.988
1999,66,17.829
1999,67,16.696
1999,68,15.592
1999,69,14.529
1999,70,13.506
1999,71,12.508
1999,72,11.523
1999,73,10.560
1999,74,9.632
1999,75,8.748
1999,76,7.872
1999,77,6.991
1999,78,6.123
1999,79,5.303
1999,80,4.523
1999,81,3.809
1999,82,3.177
1999,83,2.620
1999,84,2.105
1999,85,1.629
1999,86,1.233
1999,87,0.932
1999,88,0.705
1999,89,0.516
1999,90,0.366
1999,91,0.250
1999,92,0.161
1999,93,0.095
1999,94,0.065
1999,95,0.044
1999,96,0.030
1999,97,0.018
1999,98,0.006
1999,99,0.004
1999,100,0.002
2000,0,267.888
2000,1,258.053
2000,2,248.666
2000,3,239.698
2000,4,231.133
2000,5,222.944
2000,6,215.107
2000,7,207.602
2000,8,200.405
2000,9,193.492
2000,10,186.859
2000,11,180.501
2000,12,174.304
2000,13,168.212
2000,14,162.253
2000,15,156.525
2000,16,151.015
2000,17,145.641
2000,18,140.379
2000,19,135.253
2000,20,130.311
2000,21,125.531
2000,22,121.002
2000,23,116.768
2000,24,112.783
2000,25,108.922
2000,26,105.187
2000,27,101.629
2000,28,98.252
2000,29,95.017
2000,30,91.884
2000,31,88.866
2000,32,85.818
2000,33,82.662
2000,34,79.461
2000,35,76.357
2000,36,73.336
2000,37,70.338
2000,38,67.347
2000,39,64.392
2000,40,61.516
2000,41,58.707
2000,42,56.050
2000,43,53.597
2000,44,51.309
2000,45,49.112
2000,46,47.038
2000,47,45.019
2000,48,43.021
2000,49,41.087
2000,50,39.238
2000,51,37.395
2000,52,35.923
2000,53,34.974
2000,54,34.346
2000,55,33.714
2000,56,33.196
2000,57,32.295
2000,58,30.753
2000,59,28.808
2000,60,26.965
2000,61,25.112
2000,62,23.425
2000,63,22.035
2000,64,20.846
2000,65,19.622
2000,66,18.411
2000,67,17.232
2000,68,16.076
2000,69,14.948
2000,70,13.863
2000,71,12.821
2000,72,11.801
2000,73,10.791
2000,74,9.805
2000,75,8.858
2000,76,7.957
2000,77,7.073
2000,78,6.196
2000,79,5.343
2000,80,4.540
2000,81,3.780
2000,82,3.100
2000,83,2.518
2000,84,2.023
2000,85,1.571
2000,86,1.159
2000,87,0.828
2000,88,0.588
2000,89,0.420
2000,90,0.288
2000,91,0.196
2000,92,0.127
2000,93,0.072
2000,94,0.028
2000,95,0.019
2000,96,0.014
2000,97,0.011
2000,98,0.008
2000,99,0.003
2000,100,0.002
2001,0,274.428
2001,1,264.894
2001,2,255.410
2001,3,246.369
2001,4,237.738
2001,5,229.495
2001,6,221.618
2001,7,214.092
2001,8,206.822
2001,9,199.748
2001,10,192.883
2001,11,186.293
2001,12,179.955
2001,13,173.792
2001,14,167.766
2001,15,161.892
2001,16,156.229
2001,17,150.771
2001,18,145.448
2001,19,140.237
2001,20,135.160
2001,21,130.260
2001,22,125.520
2001,23,121.017
2001,24,116.792
2001,25,112.803
2001,26,108.936
2001,27,105.189
2001,28,101.615
2001,29,98.217
2001,30,94.959
2001,31,91.800
2001,32,88.753
2001,33,85.677
2001,34,82.498
2001,35,79.276
2001,36,76.151
2001,37,73.108
2001,38,70.091
2001,39,67.084
2001,40,64.117
2001,41,61.228
2001,42,58.407
2001,43,55.738
2001,44,53.271
2001,45,50.969
2001,46,48.757
2001,47,46.667
2001,48,44.635
2001,49,42.624
2001,50,40.679
2001,51,38.817
2001,52,36.965
2001,53,35.472
2001,54,34.492
2001,55,33.825
2001,56,33.155
2001,57,32.597
2001,58,31.664
2001,59,30.100
2001,60,28.143
2001,61,26.285
2001,62,24.420
2001,63,22.717
2001,64,21.306
2001,65,20.094
2001,66,18.850
2001,67,17.622
2001,68,16.426
2001,69,15.253
2001,70,14.109
2001,71,13.012
2001,72,11.964
2001,73,10.941
2001,74,9.941
2001,75,8.971
2001,76,8.044
2001,77,7.166
2001,78,6.318
2001,79,5.493
2001,80,4.703
2001,81,3.965
2001,82,3.271
2001,83,2.657
2001,84,2.141
2001,85,1.708
2001,86,1.319
2001,87,0.969
2001,88,0.690
2001,89,0.485
2001,90,0.342
2001,91,0.234
2001,92,0.161
2001,93,0.104
2001,94,0.059
2001,95,0.023
2001,96,0.015
2001,97,0.012
2001,98,0.007
2001,99,0.004
2001,100,0.002
2002,0,281.844
2002,1,271.473
2002,2,262.279
2002,3,253.132
2002,4,244.424
2002,5,236.118
2002,6,228.183
2002,7,220.606
2002,8,213.382
2002,9,206.335
2002,10,199.374
2002,11,192.548
2002,12,185.989
2002,13,179.665
2002,14,173.525
2002,15,167.557
2002,16,161.760
2002,17,156.154
2002,18,150.741
2002,19,145.460
2002,20,140.293
2002,21,135.257
2002,22,130.394
2002,23,125.685
2002,24,121.202
2002,25,116.981
2002,26,112.982
2002,27,109.102
2002,28,105.339
2002,29,101.745
2002,30,98.322
2002,31,95.035
2002,32,91.845
2002,33,88.764
2002,34,85.658
2002,35,82.450
2002,36,79.204
2002,37,76.052
2002,38,72.984
2002,39,69.942
2002,40,66.917
2002,41,63.932
2002,42,61.028
2002,43,58.190
2002,44,55.505
2002,45,53.021
2002,46,50.701
2002,47,48.471
2002,48,46.364
2002,49,44.313
2002,50,42.288
2002,51,40.329
2002,52,38.453
2002,53,36.587
2002,54,35.072
2002,55,34.060
2002,56,33.353
2002,57,32.643
2002,58,32.046
2002,59,31.078
2002,60,29.492
2002,61,27.518
2002,62,25.644
2002,63,23.763
2002,64,22.042
2002,65,20.610
2002,66,19.372
2002,67,18.106
2002,68,16.859
2002,69,15.645
2002,70,14.453
2002,71,13.292
2002,72,12.182
2002,73,11.123
2002,74,10.100
2002,75,9.106
2002,76,8.151
2002,77,7.244
2002,78,6.387
2002,79,5.573
2002,80,4.799
2002,81,4.072
2002,82,3.396
2002,83,2.767
2002,84,2.219
2002,85,1.767
2002,86,1.397
2002,87,1.068
2002,88,0.781
2002,89,0.553
2002,90,0.384
2002,91,0.265
2002,92,0.181
2002,93,0.125
2002,94,0.081
2002,95,0.047
2002,96,0.018
2002,97,0.012
2002,98,0.008
2002,99,0.004
2002,100,0.002
2003,0,289.695
2003,1,278.890
2003,2,268.729
2003,3,259.893
2003,4,251.074
2003,5,242.693
2003,6,234.704
2003,7,227.070
2003,8,219.788
2003,9,212.857
2003,10,206.029
2003,11,199.174
2003,12,192.381
2003,13,185.849
2003,14,179.531
2003,15,173.410
2003,16,167.495
2003,17,161.769
2003,18,156.215
2003,19,150.842
2003,20,145.601
2003,21,140.471
2003,22,135.472
2003,23,130.641
2003,24,125.962
2003,25,121.493
2003,26,117.272
2003,27,113.260
2003,28,109.364
2003,29,105.582
2003,30,101.962
2003,31,98.512
2003,32,95.195
2003,33,91.971
2003,34,88.853
2003,35,85.713
2003,36,82.475
2003,37,79.200
2003,38,76.021
2003,39,72.923
2003,40,69.855
2003,41,66.807
2003,42,63.804
2003,43,60.881
2003,44,58.024
2003,45,55.320
2003,46,52.817
2003,47,50.478
2003,48,48.228
2003,49,46.100
2003,50,44.031
2003,51,41.989
2003,52,40.014
2003,53,38.122
2003,54,36.241
2003,55,34.703
2003,56,33.657
2003,57,32.909
2003,58,32.161
2003,59,31.522
2003,60,30.520
2003,61,28.908
2003,62,26.919
2003,63,25.025
2003,64,23.127
2003,65,21.386
2003,66,19.931
2003,67,18.666
2003,68,17.379
2003,69,16.111
2003,70,14.876
2003,71,13.665
2003,72,12.487
2003,73,11.362
2003,74,10.294
2003,75,9.266
2003,76,8.279
2003,77,7.338
2003,78,6.449
2003,79,5.614
2003,80,4.833
2003,81,4.109
2003,82,3.443
2003,83,2.831
2003,84,2.266
2003,85,1.783
2003,86,1.395
2003,87,1.086
2003,88,0.819
2003,89,0.594
2003,90,0.416
2003,91,0.283
2003,92,0.187
2003,93,0.129
2003,94,0.089
2003,95,0.058
2003,96,0.034
2003,97,0.014
2003,98,0.009
2003,99,0.004
2003,100,0.003
2004,0,297.380
2004,1,286.269
2004,2,275.863
2004,3,266.114
2004,4,257.578
2004,5,249.084
2004,6,241.025
2004,7,233.355
2004,8,226.019
2004,9,219.030
2004,10,212.391
2004,11,205.779
2004,12,199.030
2004,13,192.267
2004,14,185.761
2004,15,179.447
2004,16,173.343
2004,17,167.479
2004,18,161.823
2004,19,156.321
2004,20,150.986
2004,21,145.781
2004,22,140.689
2004,23,135.726
2004,24,130.925
2004,25,126.273
2004,26,121.818
2004,27,117.597
2004,28,113.570
2004,29,109.658
2004,30,105.853
2004,31,102.209
2004,32,98.731
2004,33,95.380
2004,34,92.123
2004,35,88.968
2004,36,85.791
2004,37,82.524
2004,38,79.218
2004,39,76.010
2004,40,72.883
2004,41,69.787
2004,42,66.717
2004,43,63.693
2004,44,60.749
2004,45,57.874
2004,46,55.152
2004,47,52.628
2004,48,50.267
2004,49,47.998
2004,50,45.849
2004,51,43.761
2004,52,41.701
2004,53,39.710
2004,54,37.801
2004,55,35.904
2004,56,34.344
2004,57,33.263
2004,58,32.475
2004,59,31.686
2004,60,31.006
2004,61,29.969
2004,62,28.333
2004,63,26.325
2004,64,24.412
2004,65,22.497
2004,66,20.736
2004,67,19.256
2004,68,17.965
2004,69,16.654
2004,70,15.366
2004,71,14.113
2004,72,12.880
2004,73,11.683
2004,74,10.544
2004,75,9.466
2004,76,8.434
2004,77,7.453
2004,78,6.527
2004,79,5.655
2004,80,4.840
2004,81,4.093
2004,82,3.420
2004,83,2.815
2004,84,2.265
2004,85,1.765
2004,86,1.347
2004,87,1.022
2004,88,0.776
2004,89,0.570
2004,90,0.406
2004,91,0.279
2004,92,0.182
2004,93,0.109
2004,94,0.076
2004,95,0.054
2004,96,0.036
2004,97,0.021
2004,98,0.009
2004,99,0.004
2004,100,0.003
2005,0,304.448
2005,1,293.298
2005,2,282.852
2005,3,273.062
2005,4,263.867
2005,5,255.216
2005,6,247.051
2005,7,239.318
2005,8,231.964
2005,9,224.931
2005,10,218.235
2005,11,211.890
2005,12,205.496
2005,13,198.854
2005,14,192.122
2005,15,185.642
2005,16,179.334
2005,17,173.249
2005,18,167.436
2005,19,161.852
2005,20,156.401
2005,21,151.105
2005,22,145.938
2005,23,140.885
2005,24,135.958
2005,25,131.189
2005,26,126.564
2005,27,122.125
2005,28,117.903
2005,29,113.861
2005,30,109.934
2005,31,106.109
2005,32,102.440
2005,33,98.933
2005,34,95.551
2005,35,92.260
2005,36,89.068
2005,37,85.857
2005,38,82.558
2005,39,79.224
2005,40,75.987
2005,41,72.831
2005,42,69.708
2005,43,66.615
2005,44,63.572
2005,45,60.609
2005,46,57.714
2005,47,54.973
2005,48,52.430
2005,49,50.049
2005,50,47.760
2005,51,45.590
2005,52,43.483
2005,53,41.406
2005,54,39.400
2005,55,37.473
2005,56,35.562
2005,57,33.978
2005,58,32.863
2005,59,32.034
2005,60,31.206
2005,61,30.484
2005,62,29.413
2005,63,27.752
2005,64,25.726
2005,65,23.794
2005,66,21.862
2005,67,20.081
2005,68,18.578
2005,69,17.260
2005,70,15.926
2005,71,14.618
2005,72,13.344
2005,73,12.092
2005,74,10.877
2005,75,9.723
2005,76,8.635
2005,77,7.600
2005,78,6.624
2005,79,5.713
2005,80,4.859
2005,81,4.065
2005,82,3.352
2005,83,2.728
2005,84,2.186
2005,85,1.698
2005,86,1.263
2005,87,0.909
2005,88,0.649
2005,89,0.465
2005,90,0.320
2005,91,0.218
2005,92,0.143
2005,93,0.080
2005,94,0.032
2005,95,0.023
2005,96,0.018
2005,97,0.013
2005,98,0.009
2005,99,0.004
2005,100,0.003
2006,0,310.640
2006,1,301.530
2006,2,291.013
2006,3,281.084
2006,4,271.709
2006,5,262.835
2006,6,254.423
2006,7,246.419
2006,8,238.805
2006,9,231.545
2006,10,224.584
2006,11,217.915
2006,12,211.560
2006,13,205.159
2006,14,198.535
2006,15,191.835
2006,16,185.368
2006,17,179.061
2006,18,172.982
2006,19,167.185
2006,20,161.622
2006,21,156.189
2006,22,150.908
2006,23,145.753
2006,24,140.705
2006,25,135.781
2006,26,131.011
2006,27,126.387
2006,28,121.943
2006,29,117.712
2006,30,113.658
2006,31,109.718
2006,32,105.878
2006,33,102.195
2006,34,98.673
2006,35,95.277
2006,36,91.970
2006,37,88.763
2006,38,85.538
2006,39,82.227
2006,40,78.883
2006,41,75.636
2006,42,72.469
2006,43,69.337
2006,44,66.232
2006,45,63.179
2006,46,60.204
2006,47,57.298
2006,48,54.546
2006,49,51.989
2006,50,49.594
2006,51,47.289
2006,52,45.103
2006,53,42.978
2006,54,40.887
2006,55,38.865
2006,56,36.922
2006,57,34.996
2006,58,33.388
2006,59,32.233
2006,60,31.357
2006,61,30.483
2006,62,29.714
2006,63,28.605
2006,64,26.921
2006,65,24.880
2006,66,22.935
2006,67,20.993
2006,68,19.202
2006,69,17.684
2006,70,16.350
2006,71,15.007
2006,72,13.693
2006,73,12.423
2006,74,11.185
2006,75,9.995
2006,76,8.868
2006,77,7.811
2006,78,6.817
2006,79,5.896
2006,80,5.048
2006,81,4.260
2006,82,3.531
2006,83,2.887
2006,84,2.329
2006,85,1.854
2006,86,1.430
2006,87,1.060
2006,88,0.760
2006,89,0.537
2006,90,0.380
2006,91,0.262
2006,92,0.178
2006,93,0.117
2006,94,0.067
2006,95,0.026
2006,96,0.019
2006,97,0.014
2006,98,0.008
2006,99,0.005
2006,100,0.003
2007,0,316.333
2007,1,305.999
2007,2,298.667
2007,3,288.782
2007,4,279.369
2007,5,270.406
2007,6,261.853
2007,7,253.676
2007,8,245.833
2007,9,238.336
2007,10,231.170
2007,11,224.278
2007,12,217.637
2007,13,211.269
2007,14,204.860
2007,15,198.254
2007,16,191.583
2007,17,185.129
2007,18,178.821
2007,19,172.747
2007,20,166.965
2007,21,161.423
2007,22,156.006
2007,23,150.739
2007,24,145.595
2007,25,140.552
2007,26,135.628
2007,27,130.859
2007,28,126.232
2007,29,121.784
2007,30,117.543
2007,31,113.476
2007,32,109.522
2007,33,105.668
2007,34,101.968
2007,35,98.431
2007,36,95.021
2007,37,91.698
2007,38,88.475
2007,39,85.234
2007,40,81.911
2007,41,78.557
2007,42,75.299
2007,43,72.121
2007,44,68.978
2007,45,65.862
2007,46,62.797
2007,47,59.811
2007,48,56.893
2007,49,54.128
2007,50,51.558
2007,51,49.148
2007,52,46.828
2007,53,44.623
2007,54,42.481
2007,55,40.375
2007,56,38.338
2007,57,36.378
2007,58,34.437
2007,59,32.803
2007,60,31.610
2007,61,30.685
2007,62,29.765
2007,63,28.950
2007,64,27.803
2007,65,26.094
2007,66,24.038
2007,67,22.081
2007,68,20.128
2007,69,18.326
2007,70,16.793
2007,71,15.444
2007,72,14.090
2007,73,12.771
2007,74,11.503
2007,75,10.281
2007,76,9.113
2007,77,8.016
2007,78,6.987
2007,79,6.036
2007,80,5.170
2007,81,4.383
2007,82,3.661
2007,83,2.999
2007,84,2.421
2007,85,1.932
2007,86,1.521
2007,87,1.163
2007,88,0.857
2007,89,0.610
2007,90,0.427
2007,91,0.294
2007,92,0.203
2007,93,0.139
2007,94,0.092
2007,95,0.052
2007,96,0.021
2007,97,0.014
2007,98,0.009
2007,99,0.005
2007,100,0.003
2008,0,321.614
2008,1,311.943
2008,2,302.607
2008,3,295.798
2008,4,286.545
2008,5,277.647
2008,6,269.097
2008,7,260.864
2008,8,252.926
2008,9,245.241
2008,10,237.862
2008,11,230.790
2008,12,223.969
2008,13,217.353
2008,14,210.974
2008,15,204.557
2008,16,197.968
2008,17,191.328
2008,18,184.886
2008,19,178.578
2008,20,172.509
2008,21,166.741
2008,22,161.220
2008,23,155.820
2008,24,150.567
2008,25,145.434
2008,26,140.395
2008,27,135.473
2008,28,130.704
2008,29,126.075
2008,30,121.623
2008,31,117.371
2008,32,113.293
2008,33,109.323
2008,34,105.456
2008,35,101.739
2008,36,98.187
2008,37,94.763
2008,38,91.424
2008,39,88.184
2008,40,84.929
2008,41,81.594
2008,42,78.229
2008,43,74.960
2008,44,71.772
2008,45,68.617
2008,46,65.490
2008,47,62.414
2008,48,59.417
2008,49,56.486
2008,50,53.709
2008,51,51.126
2008,52,48.701
2008,53,46.365
2008,54,44.143
2008,55,41.984
2008,56,39.862
2008,57,37.809
2008,58,35.833
2008,59,33.876
2008,60,32.218
2008,61,30.986
2008,62,30.013
2008,63,29.046
2008,64,28.185
2008,65,27.000
2008,66,25.266
2008,67,23.196
2008,68,21.225
2008,69,19.263
2008,70,17.450
2008,71,15.901
2008,72,14.536
2008,73,13.173
2008,74,11.848
2008,75,10.584
2008,76,9.375
2008,77,8.233
2008,78,7.162
2008,79,6.164
2008,80,5.253
2008,81,4.443
2008,82,3.719
2008,83,3.062
2008,84,2.465
2008,85,1.957
2008,86,1.533
2008,87,1.188
2008,88,0.897
2008,89,0.653
2008,90,0.461
2008,91,0.315
2008,92,0.209
2008,93,0.145
2008,94,0.099
2008,95,0.066
2008,96,0.039
2008,97,0.015
2008,98,0.010
2008,99,0.004
2008,100,0.004
2009,0,326.654
2009,1,317.613
2009,2,308.765
2009,3,300.106
2009,4,292.872
2009,5,284.250
2009,6,275.871
2009,7,267.735
2009,8,259.826
2009,9,252.124
2009,10,244.602
2009,11,237.342
2009,12,230.364
2009,13,223.616
2009,14,217.027
2009,15,210.637
2009,16,204.214
2009,17,197.644
2009,18,191.035
2009,19,184.607
2009,20,178.300
2009,21,172.236
2009,22,166.486
2009,23,160.986
2009,24,155.602
2009,25,150.366
2009,26,145.245
2009,27,140.211
2009,28,135.292
2009,29,130.522
2009,30,125.894
2009,31,121.438
2009,32,117.176
2009,33,113.087
2009,34,109.103
2009,35,105.223
2009,36,101.491
2009,37,97.924
2009,38,94.485
2009,39,91.132
2009,40,87.877
2009,41,84.606
2009,42,81.261
2009,43,77.886
2009,44,74.607
2009,45,71.408
2009,46,68.243
2009,47,65.106
2009,48,62.019
2009,49,59.010
2009,50,56.069
2009,51,53.280
2009,52,50.683
2009,53,48.244
2009,54,45.893
2009,55,43.654
2009,56,41.478
2009,57,39.341
2009,58,37.274
2009,59,35.281
2009,60,33.309
2009,61,31.627
2009,62,30.354
2009,63,29.335
2009,64,28.322
2009,65,27.414
2009,66,26.191
2009,67,24.434
2009,68,22.350
2009,69,20.365
2009,70,18.393
2009,71,16.570
2009,72,15.006
2009,73,13.626
2009,74,12.253
2009,75,10.923
2009,76,9.662
2009,77,8.468
2009,78,7.349
2009,79,6.308
2009,80,5.339
2009,81,4.470
2009,82,3.714
2009,83,3.054
2009,84,2.462
2009,85,1.932
2009,86,1.491
2009,87,1.135
2009,88,0.856
2009,89,0.628
2009,90,0.451
2009,91,0.310
2009,92,0.204
2009,93,0.125
2009,94,0.085
2009,95,0.060
2009,96,0.041
2009,97,0.024
2009,98,0.010
2009,99,0.005
2009,100,0.004
2010,0,331.619
2010,1,323.042
2010,2,314.575
2010,3,306.222
2010,4,297.986
2010,5,289.872
2010,6,281.886
2010,7,274.027
2010,8,266.307
2010,9,258.722
2010,10,251.261
2010,11,243.902
2010,12,236.762
2010,13,229.882
2010,14,223.206
2010,15,216.648
2010,16,210.248
2010,17,203.820
2010,18,197.270
2010,19,190.695
2010,20,184.281
2010,21,177.978
2010,22,171.921
2010,23,166.188
2010,24,160.712
2010,25,155.347
2010,26,150.127
2010,27,145.019
2010,28,139.993
2010,29,135.076
2010,30,130.309
2010,31,125.681
2010,32,121.222
2010,33,116.953
2010,34,112.852
2010,35,108.857
2010,36,104.963
2010,37,101.217
2010,38,97.637
2010,39,94.185
2010,40,90.817
2010,41,87.547
2010,42,84.264
2010,43,80.907
2010,44,77.524
2010,45,74.235
2010,46,71.026
2010,47,67.853
2010,48,64.705
2010,49,61.608
2010,50,58.589
2010,51,55.638
2010,52,52.837
2010,53,50.228
2010,54,47.776
2010,55,45.410
2010,56,43.154
2010,57,40.962
2010,58,38.811
2010,59,36.728
2010,60,34.721
2010,61,32.734
2010,62,31.027
2010,63,29.717
2010,64,28.649
2010,65,27.591
2010,66,26.637
2010,67,25.376
2010,68,23.595
2010,69,21.498
2010,70,19.501
2010,71,17.519
2010,72,15.686
2010,73,14.108
2010,74,12.713
2010,75,11.330
2010,76,9.995
2010,77,8.738
2010,78,7.559
2010,79,6.465
2010,80,5.451
2010,81,4.513
2010,82,3.687
2010,83,2.985
2010,84,2.388
2010,85,1.862
2010,86,1.398
2010,87,1.025
2010,88,0.736
2010,89,0.523
2010,90,0.361
2010,91,0.247
2010,92,0.161
2010,93,0.093
2010,94,0.039
2010,95,0.027
2010,96,0.020
2010,97,0.015
2010,98,0.011
2010,99,0.004
2010,100,0.004
2011,0,336.697
2011,1,329.013
2011,2,320.742
2011,3,312.596
2011,4,304.564
2011,5,296.643
2011,6,288.843
2011,7,281.179
2011,8,273.547
2011,9,265.910
2011,10,258.313
2011,11,250.836
2011,12,243.444
2011,13,236.264
2011,14,229.354
2011,15,222.652
2011,16,216.052
2011,17,209.595
2011,18,203.126
2011,19,196.560
2011,20,189.986
2011,21,183.569
2011,22,177.264
2011,23,171.211
2011,24,165.490
2011,25,160.029
2011,26,154.683
2011,27,149.484
2011,28,144.393
2011,29,139.379
2011,30,134.472
2011,31,129.716
2011,32,125.097
2011,33,120.646
2011,34,116.383
2011,35,112.287
2011,36,108.294
2011,37,104.402
2011,38,100.658
2011,39,97.079
2011,40,93.627
2011,41,90.257
2011,42,86.986
2011,43,83.700
2011,44,80.338
2011,45,76.949
2011,46,73.653
2011,47,70.437
2011,48,67.255
2011,49,64.098
2011,50,60.994
2011,51,57.964
2011,52,55.002
2011,53,52.187
2011,54,49.564
2011,55,47.093
2011,56,44.707
2011,57,42.431
2011,58,40.217
2011,59,38.046
2011,60,35.944
2011,61,33.918
2011,62,31.913
2011,63,30.177
2011,64,28.819
2011,65,27.693
2011,66,26.581
2011,67,25.575
2011,68,24.276
2011,69,22.479
2011,70,20.382
2011,71,18.388
2011,72,16.415
2011,73,14.599
2011,74,13.045
2011,75,11.681
2011,76,10.336
2011,77,9.043
2011,78,7.839
2011,79,6.730
2011,80,5.713
2011,81,4.780
2011,82,3.923
2011,83,3.177
2011,84,2.550
2011,85,2.024
2011,86,1.568
2011,87,1.173
2011,88,0.858
2011,89,0.611
2011,90,0.427
2011,91,0.295
2011,92,0.202
2011,93,0.133
2011,94,0.077
2011,95,0.032
2011,96,0.021
2011,97,0.017
2011,98,0.010
2011,99,0.006
2011,100,0.004
2012,0,341.717
2012,1,333.534
2012,2,326.370
2012,3,318.407
2012,4,310.581
2012,5,302.873
2012,6,295.268
2012,7,287.782
2012,8,280.440
2012,9,273.035
2012,10,265.485
2012,11,257.874
2012,12,250.383
2012,13,242.959
2012,14,235.740
2012,15,228.800
2012,16,222.074
2012,17,215.431
2012,18,208.920
2012,19,202.409
2012,20,195.828
2012,21,189.255
2012,22,182.837
2012,23,176.531
2012,24,170.482
2012,25,164.772
2012,26,159.330
2012,27,154.001
2012,28,148.823
2012,29,143.751
2012,30,138.751
2012,31,133.853
2012,32,129.107
2012,33,124.499
2012,34,120.058
2012,35,115.800
2012,36,111.709
2012,37,107.719
2012,38,103.830
2012,39,100.087
2012,40,96.510
2012,41,93.058
2012,42,89.688
2012,43,86.415
2012,44,83.126
2012,45,79.760
2012,46,76.366
2012,47,73.063
2012,48,69.839
2012,49,66.650
2012,50,63.485
2012,51,60.372
2012,52,57.333
2012,53,54.359
2012,54,51.533
2012,55,48.893
2012,56,46.405
2012,57,44.000
2012,58,41.702
2012,59,39.468
2012,60,37.278
2012,61,35.156
2012,62,33.110
2012,63,31.089
2012,64,29.323
2012,65,27.918
2012,66,26.734
2012,67,25.569
2012,68,24.510
2012,69,23.173
2012,70,21.360
2012,71,19.264
2012,72,17.273
2012,73,15.310
2012,74,13.509
2012,75,11.981
2012,76,10.648
2012,77,9.341
2012,78,8.090
2012,79,6.940
2012,80,5.898
2012,81,4.962
2012,82,4.108
2012,83,3.332
2012,84,2.667
2012,85,2.115
2012,86,1.660
2012,87,1.273
2012,88,0.949
2012,89,0.690
2012,90,0.485
2012,91,0.332
2012,92,0.229
2012,93,0.158
2012,94,0.104
2012,95,0.060
2012,96,0.026
2012,97,0.017
2012,98,0.011
2012,99,0.006
2012,100,0.004
2013,0,346.833
2013,1,338.623
2013,2,330.616
2013,3,323.720
2013,4,316.064
2013,5,308.558
2013,6,301.175
2013,7,293.883
2013,8,286.714
2013,9,279.694
2013,10,272.518
2013,11,265.052
2013,12,257.430
2013,13,249.923
2013,14,242.468
2013,15,235.209
2013,16,228.241
2013,17,221.490
2013,18,214.804
2013,19,208.239
2013,20,201.688
2013,21,195.090
2013,22,188.520
2013,23,182.101
2013,24,175.793
2013,25,169.748
2013,26,164.051
2013,27,158.626
2013,28,153.316
2013,29,148.159
2013,30,143.105
2013,31,138.119
2013,32,133.231
2013,33,128.495
2013,34,123.899
2013,35,119.465
2013,36,115.215
2013,37,111.127
2013,38,107.142
2013,39,103.255
2013,40,99.515
2013,41,95.937
2013,42,92.488
2013,43,89.116
2013,44,85.842
2013,45,82.550
2013,46,79.180
2013,47,75.781
2013,48,72.471
2013,49,69.240
2013,50,66.043
2013,51,62.870
2013,52,59.749
2013,53,56.700
2013,54,53.716
2013,55,50.877
2013,56,48.221
2013,57,45.716
2013,58,43.292
2013,59,40.972
2013,60,38.718
2013,61,36.508
2013,62,34.368
2013,63,32.301
2013,64,30.264
2013,65,28.469
2013,66,27.017
2013,67,25.774
2013,68,24.556
2013,69,23.445
2013,70,22.070
2013,71,20.241
2013,72,18.145
2013,73,16.158
2013,74,14.203
2013,75,12.421
2013,76,10.916
2013,77,9.615
2013,78,8.346
2013,79,7.136
2013,80,6.041
2013,81,5.067
2013,82,4.210
2013,83,3.437
2013,84,2.742
2013,85,2.155
2013,86,1.680
2013,87,1.297
2013,88,0.979
2013,89,0.723
2013,90,0.523
2013,91,0.360
2013,92,0.237
2013,93,0.162
2013,94,0.113
2013,95,0.075
2013,96,0.045
2013,97,0.019
2013,98,0.011
2013,99,0.006
2013,100,0.004
2014,0,352.244
2014,1,343.870
2014,2,335.802
2014,3,328.007
2014,4,321.095
2014,5,313.748
2014,6,306.562
2014,7,299.500
2014,8,292.525
2014,9,285.669
2014,10,278.972
2014,11,272.023
2014,12,264.640
2014,13,257.007
2014,14,249.484
2014,15,241.996
2014,16,234.699
2014,17,227.701
2014,18,220.924
2014,19,214.196
2014,20,207.575
2014,21,200.982
2014,22,194.370
2014,23,187.801
2014,24,181.378
2014,25,175.070
2014,26,169.029
2014,27,163.344
2014,28,157.934
2014,29,152.644
2014,30,147.507
2014,31,142.471
2014,32,137.499
2014,33,132.619
2014,34,127.895
2014,35,123.308
2014,36,118.882
2014,37,114.639
2014,38,110.556
2014,39,106.574
2014,40,102.689
2014,41,98.949
2014,42,95.374
2014,43,91.925
2014,44,88.552
2014,45,85.276
2014,46,81.981
2014,47,78.607
2014,48,75.202
2014,49,71.885
2014,50,68.647
2014,51,65.441
2014,52,62.261
2014,53,59.130
2014,54,56.073
2014,55,53.076
2014,56,50.225
2014,57,47.554
2014,58,45.031
2014,59,42.587
2014,60,40.246
2014,61,37.971
2014,62,35.742
2014,63,33.581
2014,64,31.496
2014,65,29.442
2014,66,27.617
2014,67,26.118
2014,68,24.816
2014,69,23.545
2014,70,22.382
2014,71,20.969
2014,72,19.124
2014,73,17.028
2014,74,15.044
2014,75,13.099
2014,76,11.332
2014,77,9.852
2014,78,8.584
2014,79,7.352
2014,80,6.183
2014,81,5.141
2014,82,4.238
2014,83,3.458
2014,84,2.765
2014,85,2.152
2014,86,1.645
2014,87,1.245
2014,88,0.933
2014,89,0.685
2014,90,0.499
2014,91,0.354
2014,92,0.235
2014,93,0.142
2014,94,0.096
2014,95,0.069
2014,96,0.046
2014,97,0.028
2014,98,0.013
2014,99,0.005
2014,100,0.004
2015,0,358.058
2015,1,349.407
2015,2,341.176
2015,3,333.315
2015,4,325.777
2015,5,318.511
2015,6,311.469
2015,7,304.603
2015,8,297.863
2015,9,291.202
2015,10,284.660
2015,11,278.283
2015,12,271.561
2015,13,264.262
2015,14,256.615
2015,15,249.076
2015,16,241.555
2015,17,234.217
2015,18,227.188
2015,19,220.385
2015,20,213.614
2015,21,206.937
2015,22,200.302
2015,23,193.673
2015,24,187.104
2015,25,180.679
2015,26,174.368
2015,27,168.331
2015,28,162.656
2015,29,157.263
2015,30,151.990
2015,31,146.873
2015,32,141.855
2015,33,136.895
2015,34,132.024
2015,35,127.310
2015,36,122.732
2015,37,118.315
2015,38,114.077
2015,39,109.998
2015,40,106.018
2015,41,102.135
2015,42,98.397
2015,43,94.822
2015,44,91.373
2015,45,87.998
2015,46,84.721
2015,47,81.422
2015,48,78.043
2015,49,74.633
2015,50,71.308
2015,51,68.062
2015,52,64.848
2015,53,61.658
2015,54,58.520
2015,55,55.451
2015,56,52.444
2015,57,49.579
2015,58,46.892
2015,59,44.351
2015,60,41.888
2015,61,39.525
2015,62,37.228
2015,63,34.980
2015,64,32.800
2015,65,30.694
2015,66,28.623
2015,67,26.769
2015,68,25.221
2015,69,23.862
2015,70,22.537
2015,71,21.321
2015,72,19.870
2015,73,18.009
2015,74,15.913
2015,75,13.932
2015,76,11.996
2015,77,10.246
2015,78,8.789
2015,79,7.553
2015,80,6.358
2015,81,5.231
2015,82,4.243
2015,83,3.408
2015,84,2.707
2015,85,2.094
2015,86,1.562
2015,87,1.135
2015,88,0.810
2015,89,0.569
2015,90,0.391
2015,91,0.274
2015,92,0.187
2015,93,0.110
2015,94,0.046
2015,95,0.030
2015,96,0.024
2015,97,0.018
2015,98,0.012
2015,99,0.006
2015,100,0.004
2016,0,364.179
2016,1,355.337
2016,2,347.012
2016,3,339.111
2016,4,331.575
2016,5,324.349
2016,6,317.389
2016,7,310.654
2016,8,304.004
2016,9,297.349
2016,10,290.678
2016,11,284.123
2016,12,277.713
2016,13,270.951
2016,14,263.622
2016,15,255.948
2016,16,248.366
2016,17,240.788
2016,18,233.408
2016,19,226.362
2016,20,219.560
2016,21,212.786
2016,22,206.107
2016,23,199.477
2016,24,192.861
2016,25,186.312
2016,26,179.908
2016,27,173.621
2016,28,167.606
2016,29,161.944
2016,30,156.561
2016,31,151.299
2016,32,146.192
2016,33,141.184
2016,34,136.230
2016,35,131.366
2016,36,126.655
2016,37,122.080
2016,38,117.664
2016,39,113.429
2016,40,109.351
2016,41,105.371
2016,42,101.486
2016,43,97.744
2016,44,94.162
2016,45,90.702
2016,46,87.316
2016,47,84.026
2016,48,80.714
2016,49,77.321
2016,50,73.897
2016,51,70.556
2016,52,67.293
2016,53,64.061
2016,54,60.854
2016,55,57.695
2016,56,54.606
2016,57,51.579
2016,58,48.691
2016,59,45.978
2016,60,43.411
2016,61,40.920
2016,62,38.528
2016,63,36.204
2016,64,33.930
2016,65,31.724
2016,66,29.597
2016,67,27.508
2016,68,25.627
2016,69,24.032
2016,70,22.617
2016,71,21.244
2016,72,19.983
2016,73,18.517
2016,74,16.685
2016,75,14.648
2016,76,12.730
2016,77,10.862
2016,78,9.189
2016,79,7.818
2016,80,6.676
2016,81,5.577
2016,82,4.549
2016,83,3.658
2016,84,2.913
2016,85,2.295
2016,86,1.762
2016,87,1.311
2016,88,0.951
2016,89,0.672
2016,90,0.465
2016,91,0.318
2016,92,0.224
2016,93,0.155
2016,94,0.092
2016,95,0.037
2016,96,0.025
2016,97,0.019
2016,98,0.011
2016,99,0.007
2016,100,0.004
